4920681891440363757
4920219774434150358
4922757558940207182
4920552273622337782
4922989719102425983
4922557108521535524
4920604672223348344
4920394729926954432
4922949187496052454
4920599621341809238
4922673326041597782
4920677935775484785
4922649961419507535
4920251956624099412
4920382781327936004
4920325224471201561
4922852348868429726
4922944999902939009
4920670329388403067
4920265601735198722
4920608889881233528
4922963399542835059
4920304569973475652
4920221479536166759
4920268251730020580
4920472335691024584
4920239836226390355
4920318928049145757
4920587853131417533
4922921064050199412
4920620894314826878
4920589987730163779
4922768571236356255
4922647375849195116
4922825299164399439
4922446504523728982
4920588742189647544
4920470183912409354
4920352918420326461
4920219662765001104
4920434316640520239
4920368496266709069
4922451362131740446
4920708125100607300
4920496705335462114
4922872784322824319
4922700715048044721
4920185251487025711
4920307499141171135
4920335184500362612
4920650752927467132
4920367774712203059
4920506944537495218
4920333290419784160
4920314409743550485
4922958125322995293
4920436588678219397
4920237431044704464
4920284508181235980
4922899829731886898
4922785738220636024
4920635213735790830
4920593891855436649
4920409569038960446
4922919427667658381
4922993305400117484
4922576285550513041
4922568829487286690
4922952331412114125
4922560797898442850
4920423227034962399
4920260808551697043
4922824453055842240
4920516732767963210
4922563224554964561
4920223257652627988
4920480796776598498
4920609813299202591
4920420177608181792
4922492610997651238
4920370768304408492
4920632954582992558
4920249087585945509
4922465213401270314
4920624201439643636
4920485212002978176
4920716208229058919
4922695883209836414
4920555516322646008
4920635703362062218
4922516207547976300
4920604066632959886
4920348327100286976
4922653685156153229
4922789264388785845
4920629101997328837
4920272615416793032
4920349959187859745
4922793585125886281
4922753826613626529
4920384598099101770
4920695489306822994
4920305411787065149
4920367869201483728
4922902063114880789
4920363080312949280
4920196332502649770
4920651418647398307
4920721048657201341
4922808132180117628
4920571313212360843
4922562236712487134
4922551464934508331
4920684515665381895
4920203543752738864
4920360748145707230
4922559105681328061
4920379770555860739
4920308199220840204
4920444293849550529
4922898137514772318
4920613180553563298
4922708089506891852
4922523818230024689
4922838630742886743
4920364493357189287
4922738085558486748
4920401017759073864
4920568087691922483
4922705813174224513
4922837544116161674
4920313074008721213
4920183920047163653
4920315096938317712
4920200107778902953
4922883165258778367
4920373229320669160
4922721382430673136
4922991510103788643
4920717286265851169
4920404067185854388
4922807161517509061
4922906727449364486
4920657165313639971
4920307971587573501
4922637162416965893
4920729479678003289
4922594191269169080
4922794976695290126
4922630316239095663
4922868433520953082
4920362758190401934
4922772058749798297
4920629248026216760
4922711104573933998
4922799993217091639
4920332074944039266
4922694388561217708
4922453505320421217
4922850377478442044
4920491783302940616
4920701880218158956
4920616612232431576
4922795496386332905
4922550915178694768
4922500762845578912
4920292140338122750
4922507931145996283
4922669456276064296
4920290847552964336
4920250556464760718
4922871775005509338
4922773914175670393
4920457608248166276
4920333758571218847
4920208229562059523
4920594626294843162
4922543819892721181
4920282850323859719
